78
8
7
70
39
32
70
52
2
66
26
62
50
37
47
64
36
70
51
30
99
19
62
43
82
41
2
78
17
52
67
42
85
24
27
50
98
7
54
50
72
35
52
27
41
78
73
85
76
72
25
51
59
88
89
23
69
10
47
88
35
64
58
49
27
97
72
71
23
46
79
20
50
13
3
34
46
12
97
70
13
10
96
47
88
69
84
14
21
43
40
62
12
33
100
40
38
46
5
88
75
75
71
28
24
6
17
86
86
62
2
85
32
76
23
74
6
37
93
81
41
4
90
25
45
53
3
71
10
87
56
5
66
59
92
7
60
57
0
15
21
22
2
94
66
49
40
68
36
67
97
69
72
15
23
93
77
48
35
100
2
26
95
4
27
98
31
47
28
89
27
7
45
33
77
59
25
93
58
82
70
7
89
94
43
44
56
60
28
72
59
63
93
39
52
82
68
62
58
21
